0.000000000000000000e+00 -6.575842631142051311e-04 -3.826095691080046403e-15 1.359475786240876133e-04
5.000000000000000000e-01 -3.297916432766384055e-04 -2.887933617779485640e-15 5.129894757490126994e-02
1.000000000000000000e+00 -1.999023439073505357e-06 -1.949771544478925271e-15 1.024619475711784078e-01
1.500000000000000000e+00 3.257935963984920640e-04 -1.011609471178364903e-15 1.536249475674555942e-01
2.000000000000000000e+00 6.535862162360580848e-04 -7.344739787780441085e-17 2.047879475637327251e-01
2.500000000000000000e+00 9.813788360736241598e-04 8.647146754227560316e-16 2.559509475600098560e-01
3.000000000000000000e+00 1.309171455911190994e-03 1.802876748723316597e-15 3.071139475562870702e-01
3.500000000000000000e+00 1.636964075748756310e-03 2.741038822023876571e-15 3.582769475525641734e-01
4.000000000000000000e+00 1.964756695586321409e-03 3.679200895324437334e-15 4.094399475488413875e-01
4.500000000000000000e+00 2.292549315423886291e-03 4.617362968624998097e-15 4.606029475451185462e-01
5.000000000000000000e+00 2.620341935261451607e-03 5.555525041925558072e-15 5.117659475413957049e-01
