0.000000000000000000e+00 2.590331188268791759e-02 2.254193316309077445e-15 1.021046581230126808e-03
1.000000000000000888e-01 2.462665665878743804e-02 2.196105601182150770e-15 1.118698201278266885e-02
2.000000000000001776e-01 2.338556951600471653e-02 2.138018514915185867e-15 2.135606853636835140e-02
2.999999999999998224e-01 2.218005906687458076e-02 2.079932234451521035e-15 3.152818184876786389e-02
3.999999999999999112e-01 2.101013348975960121e-02 2.021846936732040425e-15 4.170319762124352625e-02
5.000000000000000000e-01 1.987580052877040843e-02 1.963762798694635645e-15 5.188099150105515006e-02
6.000000000000000888e-01 1.877706749369095415e-02 1.905679997273662234e-15 6.206143911297781063e-02
7.000000000000001776e-01 1.771394125990949364e-02 1.847598709399406786e-15 7.224441606081592748e-02
7.999999999999998224e-01 1.668642826835453966e-02 1.789519111997546188e-15 8.242979792892246582e-02
8.999999999999999112e-01 1.569453452543620106e-02 1.731441381988604486e-15 9.261746028371438400e-02
1.000000000000000000e+00 1.473826560299291988e-02 1.673365696287421194e-15 1.028072786751904333e-01
1.100000000000000089e+00 1.381762663824338995e-02 1.615292231802606784e-15 1.129991286384485344e-01
1.200000000000000178e+00 1.293262233374375264e-02 1.557221165436004089e-15 1.231928856952032719e-01
1.299999999999999822e+00 1.208325695735020834e-02 1.499152674082152868e-15 1.333884253553030141e-01
1.400000000000000355e+00 1.126953434218685123e-02 1.441086934627748049e-15 1.435856231182483511e-01
1.500000000000000000e+00 1.049145788661880532e-02 1.383024123951103902e-15 1.537843544747093394e-01
1.600000000000000089e+00 9.749030554230618539e-03 1.324964418921607747e-15 1.639844949080442316e-01
1.700000000000000178e+00 9.042254873810107174e-03 1.266907996399192803e-15 1.741859198958160271e-01
1.799999999999999822e+00 8.371132939337328285e-03 1.208855033233790123e-15 1.843885049113118679e-01
1.900000000000000355e+00 7.735666409978898470e-03 1.150805706264792169e-15 1.945921254250605470e-01
2.000000000000000000e+00 7.135856510087713704e-03 1.092760192320517574e-15 2.047966569063498776e-01
2.100000000000000089e+00 6.571704029207794430e-03 1.034718668217666625e-15 2.150019748247459506e-01
2.200000000000000178e+00 6.043209322084607156e-03 9.766813107607889816e-16 2.252079546516098374e-01
2.300000000000000266e+00 5.550372308680537325e-03 9.186482967417401523e-16 2.354144718616159870e-01
2.400000000000000355e+00 5.093192474195765845e-03 8.606198029391453627e-16 2.456214019342704558e-01
2.500000000000000000e+00 4.671668869094378410e-03 8.025960061178596799e-16 2.558286203554280824e-01
2.600000000000000089e+00 4.285800109135801290e-03 7.445770830284314881e-16 2.660360026188100524e-01
2.700000000000000178e+00 3.935584375411539312e-03 6.865632104065619220e-16 2.762434242275220719e-01
2.800000000000000266e+00 3.621019414387192589e-03 6.285545649725684410e-16 2.864507606955706276e-01
2.900000000000000355e+00 3.342102537949789322e-03 5.705513234308454458e-16 2.966578875493808276e-01
3.000000000000000000e+00 3.098830623460388685e-03 5.125536624693257822e-16 3.068646803293137437e-01
3.100000000000000089e+00 2.891200113812002811e-03 4.545617587589421461e-16 3.170710145911821987e-01
3.200000000000000178e+00 2.719207017492787128e-03 3.965757889530909543e-16 3.272767659077682745e-01
3.300000000000000266e+00 2.582846908654597932e-03 3.385959296870928126e-16 3.374818098703388225e-01
3.400000000000000355e+00 2.482114927186685176e-03 2.806223575776536254e-16 3.476860220901621390e-01
3.500000000000000000e+00 2.417005778794906450e-03 2.226552492223286138e-16 3.578892782000230866e-01
3.600000000000000089e+00 2.387513735085948670e-03 1.646947811989821435e-16 3.680914538557396032e-01
3.700000000000000178e+00 2.393632633657166806e-03 1.067411300652521125e-16 3.782924247376764360e-01
3.800000000000000266e+00 2.435355878191374814e-03 4.879447235800996339e-17 3.884920665522614280e-01
3.900000000000000355e+00 2.512676438557178132e-03 -9.145015407174723040e-18 3.986902550334986417e-01
4.000000000000000000e+00 2.625586850914502553e-03 -6.707715673657496941e-17 4.088868659444838682e-01
4.100000000000000533e+00 2.774079217825363691e-03 -1.250017751588411475e-16 4.190817750789169183e-01
4.200000000000000178e+00 2.958145208369982425e-03 -1.829186942255400569e-16 4.292748582626161324e-01
4.299999999999999822e+00 3.177776058268143994e-03 -2.408277375116912378e-16 4.394659913550300057e-01
4.400000000000000355e+00 3.432962570005913469e-03 -2.987287286163074597e-16 4.496550502507512537e-01
4.500000000000000000e+00 3.723695112967454358e-03 -3.566214911629268570e-16 4.598419108810271050e-01
4.600000000000000533e+00 4.049963623572384007e-03 -4.145058488001559860e-16 4.700264492152719797e-01
4.700000000000000178e+00 4.411757605418118074e-03 -4.723816252022013198e-16 4.802085412625775040e-01
4.800000000000000711e+00 4.809066129427724476e-03 -5.302486440694127738e-16 4.903880630732249113e-01
4.900000000000000355e+00 5.241877834002947253e-03 -5.881067291288136717e-16 5.005648907401918368e-01
5.000000000000000000e+00 5.710180925182424191e-03 -6.459557041346439754e-16 5.107389004006644972e-01
