0.000000000000000000e+00 0.000000000000000000e+00 0.000000000000000000e+00 0.000000000000000000e+00
1.020408163265306145e-01 -7.428201920839353978e-20 -5.635666741248141811e-17 1.045686292036025582e-02
2.040816326530612290e-01 -1.485638028108827553e-19 -1.127126688268983820e-16 2.091369267389668607e-02
3.061224489795918435e-01 -2.228451152023107758e-19 -1.690678254946543690e-16 3.137045609389067097e-02
4.081632653061224580e-01 -2.971257207790150594e-19 -2.254219586698323211e-16 4.182712001383397799e-02
5.102040816326530726e-01 -3.714053839395751358e-19 -2.817748896097614047e-16 5.228365126753397457e-02
6.122448979591836871e-01 -4.456838690855594091e-19 -3.381264395755840411e-16 6.274001668921878883e-02
7.142857142857143016e-01 -5.199609406222731657e-19 -3.944764298328229250e-16 7.319618311364260721e-02
8.163265306122449161e-01 -5.942363629595047270e-19 -4.508246816519472540e-16 8.365211737619064614e-02
9.183673469387755306e-01 -6.685099005122738179e-19 -5.071710163089409554e-16 9.410778631298465091e-02
1.020408163265306145e+00 -7.427813177015781537e-19 -5.635152550858682003e-16 1.045631567609878326e-01
1.122448979591836871e+00 -8.170503789551402193e-19 -6.198572192714410878e-16 1.150181955581101451e-01
1.224489795918367374e+00 -8.913168487081558779e-19 -6.761967301615859488e-16 1.254728695433134644e-01
1.326530612244897878e+00 -9.655804914040398026e-19 -7.325336090600104381e-16 1.359271455567167830e-01
1.428571428571428603e+00 -1.039841071495174567e-18 -7.888676772787711197e-16 1.463809904397014305e-01
1.530612244897959329e+00 -1.114098353443655979e-18 -8.451987561388381931e-16 1.568343710350160458e-01
1.632653061224489832e+00 -1.188352101722039765e-18 -9.015266669706635711e-16 1.672872541868819229e-01
1.734693877551020336e+00 -1.262602080814091528e-18 -9.578512311147487618e-16 1.777396067410982883e-01
1.836734693877551061e+00 -1.336848055215530731e-18 -1.014172269922208509e-15 1.881913955451471332e-01
1.938775510204081787e+00 -1.411089789434779885e-18 -1.070489604755340745e-15 1.986425874482986298e-01
2.040816326530612290e+00 -1.485327047993708733e-18 -1.126803056988189737e-15 2.090931493017161025e-01
2.142857142857142794e+00 -1.559559595428384006e-18 -1.183112448007116239e-15 2.195430479585612493e-01
2.244897959183673741e+00 -1.633787196289814574e-18 -1.239417599211361130e-15 2.299922502740993913e-01
2.346938775510204245e+00 -1.708009615144699469e-18 -1.295718332013613791e-15 2.404407231058044714e-01
2.448979591836734748e+00 -1.782226616576173035e-18 -1.352014467840576928e-15 2.508884333134640543e-01
2.551020408163265252e+00 -1.856437965184552953e-18 -1.408305828133534748e-15 2.613353477592847418e-01
2.653061224489795755e+00 -1.930643425588086157e-18 -1.464592234348917589e-15 2.717814333079970335e-01
2.755102040816326703e+00 -2.004842762423695903e-18 -1.520873507958869896e-15 2.822266568269605203e-01
2.857142857142857206e+00 -2.079035740347726907e-18 -1.577149470451814262e-15 2.926709851862688283e-01
2.959183673469387710e+00 -2.153222124036696077e-18 -1.633419943333020782e-15 3.031143852588551457e-01
3.061224489795918657e+00 -2.227401678188031298e-18 -1.689684748125169515e-15 3.135568239205966945e-01
3.163265306122449161e+00 -2.301574167520825241e-18 -1.745943706368919056e-15 3.239982680504200352e-01
3.265306122448979664e+00 -2.375739356776577614e-18 -1.802196639623472540e-15 3.344386845304063716e-01
3.367346938775510168e+00 -2.449897010719942814e-18 -1.858443369467143061e-15 3.448780402458965222e-01
3.469387755102040671e+00 -2.524046894139475641e-18 -1.914683717497918102e-15 3.553163020855953924e-01
3.571428571428571619e+00 -2.598188771848376636e-18 -1.970917505334029091e-15 3.657534369416775566e-01
3.673469387755102122e+00 -2.672322408685238571e-18 -2.027144554614512084e-15 3.761894117098921742e-01
3.775510204081632626e+00 -2.746447569514792939e-18 -2.083364686999778902e-15 3.866241932896681277e-01
3.877551020408163573e+00 -2.820564019228655673e-18 -2.139577724172179587e-15 3.970577485842186061e-01
3.979591836734694077e+00 -2.894671522746071714e-18 -2.195783487836567228e-15 4.074900445006464089e-01
4.081632653061224580e+00 -2.968769845014659958e-18 -2.251981799720866729e-15 4.179210479500485853e-01
4.183673469387755084e+00 -3.042858751011162057e-18 -2.308172481576635294e-15 4.283507258476215718e-01
4.285714285714285587e+00 -3.116938005742187370e-18 -2.364355355179635534e-15 4.387790451127668301e-01
4.387755102040816091e+00 -3.191007374244952520e-18 -2.420530242330392800e-15 4.492059726691942645e-01
4.489795918367347483e+00 -3.265066621588035975e-18 -2.476696964854764344e-15 4.596314754450284701e-01
4.591836734693877986e+00 -3.339115512872114518e-18 -2.532855344604504144e-15 4.700555203729129272e-01
4.693877551020408490e+00 -3.413153813230713597e-18 -2.589005203457826937e-15 4.804780743901150286e-01
4.795918367346938993e+00 -3.487181287830949958e-18 -2.645146363319974233e-15 4.908991044386311620e-01
4.897959183673469497e+00 -3.561197701874278522e-18 -2.701278646123779132e-15 5.013185774652914040e-01
5.000000000000000000e+00 -3.635202820597234253e-18 -2.757401873830230365e-15 5.117364604218641588e-01
