0.000000000000000000e+00 -2.634250989694966478e-03 2.254193316309077445e-15 -6.050637907726026492e-04
5.000000000000000000e-01 -1.971490361104476403e-03 1.963762798694635645e-15 5.073122237317404665e-02
1.000000000000000000e+00 -1.310681676268690525e-03 1.673365696287421194e-15 1.020325190551306660e-01
1.500000000000000000e+00 -6.516035252418338067e-04 1.383024123951103705e-15 1.532949177178525857e-01
2.000000000000000000e+00 5.965633708704624674e-06 1.092760192320517574e-15 2.045145127863307322e-01
2.500000000000000000e+00 6.622474572311426270e-04 8.025960061178596799e-16 2.556874019452150537e-01
3.000000000000000000e+00 1.317463700009257862e-03 5.125536624693256836e-16 3.068096864359916576e-01
3.500000000000000000e+00 1.971836197874935002e-03 2.226552492223286138e-16 3.578774713538875885e-01
4.000000000000000000e+00 2.625586850914502553e-03 -6.707715673657496941e-17 4.088868659444838682e-01
4.500000000000000000e+00 3.278937606570176029e-03 -3.566214911629267584e-16 4.598339839000106788e-01
5.000000000000000000e+00 3.932110442737907045e-03 -6.459557041346438768e-16 5.107149436553051203e-01
