5.000000000000000000e+00 -2.089243373859517305e-06 3.655838895610941108e-05
6.000000000000000000e+00 1.029228339668371461e+00 1.602836753249222284e+02
7.000000000000000000e+00 2.058458768580109677e+00 3.205673140914554438e+02
8.000000000000000000e+00 3.087689197491851445e+00 4.808509528579886592e+02
9.000000000000000000e+00 4.116919626403591437e+00 6.411345916245218177e+02
1.000000000000000000e+01 5.146150055315331429e+00 8.014182303910550900e+02
1.100000000000000000e+01 6.175380484227071420e+00 9.617018691575883622e+02
1.200000000000000000e+01 7.204610913138811412e+00 1.121985507924121521e+03
1.300000000000000000e+01 8.233841342050553180e+00 1.282269146690654679e+03
1.400000000000000000e+01 9.263071770962291396e+00 1.442552785457187838e+03
1.500000000000000000e+01 1.029230219987403672e+01 1.602836424223721224e+03
