0.000000000000000000e+00 -6.536895369574225855e-04 -3.829359092473772084e-15 -6.325286007667068754e-05
5.000000000000000000e-01 -3.263319913518430808e-04 -2.890219532341020014e-15 5.118268610006476010e-02
1.000000000000000000e+00 5.923460004987131229e-07 -1.951140055175731762e-15 1.024091332115849573e-01
1.500000000000000000e+00 3.271946740416873181e-04 -1.012192175515886622e-15 1.536121869478526414e-01
2.000000000000000000e+00 6.535862162360580848e-04 -7.344739787780441085e-17 2.047879475637327251e-01
2.500000000000000000e+00 9.798782121001080921e-04 8.650227886891988350e-16 2.559325173925668939e-01
3.000000000000000000e+00 1.306181908731172785e-03 1.803146916046981210e-15 3.070420011429960128e-01
3.500000000000000000e+00 1.632608552335525643e-03 2.740853542411148337e-15 3.581125061956016431e-01
4.000000000000000000e+00 1.959269379756559560e-03 3.678071257791625704e-15 4.091401428993441391e-01
4.500000000000000000e+00 2.286275610003652130e-03 4.614728689430799964e-15 4.601210248677745085e-01
5.000000000000000000e+00 2.613738435782428371e-03 5.550754507238833493e-15 5.110512692749978880e-01
