5.000000000000000000e+00 9.600419639041875008e-01 2.004786633014998074e+02
6.000000000000000000e+00 1.382460428022031174e+00 2.886892751541596454e+02
7.000000000000000000e+00 1.881682249252208727e+00 3.929381800709396089e+02
8.000000000000000000e+00 2.457707427594721494e+00 5.132253780518395843e+02
9.000000000000000000e+00 3.110535963049569474e+00 6.495508690968595147e+02
1.000000000000000000e+01 3.840167855616750003e+00 8.019146532059992296e+02
1.100000000000000000e+01 4.646603105296275515e+00 9.703167303792592975e+02
1.200000000000000000e+01 5.529841712088124694e+00 1.154757100616638581e+03
1.300000000000000000e+01 6.489883675992317080e+00 1.355235763918138673e+03
1.400000000000000000e+01 7.526728997008834909e+00 1.571752720283758435e+03
1.500000000000000000e+01 8.640377675137688840e+00 1.804307969713499006e+03
