0.000000000000000000e+00 4.624733999999999966e-08 -1.681489999999999987e-13 1.820414999999999880e-02
5.000000000000000000e-01 1.029941000000000051e-01 -1.563193999999999912e-13 1.105792000000000002e+02
1.000000000000000000e+00 4.089751999999999832e-01 -5.115908000000000015e-13 2.204499000000000137e+02
1.500000000000000000e+00 9.057705999999999813e-01 -2.273736999999999846e-12 3.273401999999999816e+02
2.000000000000000000e+00 1.528960000000000097e+00 -3.637978999999999639e-12 4.281569000000000074e+02
2.500000000000000000e+00 2.264018000000000086e+00 -2.096551999999999930e-12 5.217744999999999891e+02
3.000000000000000000e+00 3.200161000000000033e+00 1.455192000000000086e-11 6.075067999999999984e+02
3.500000000000000000e+00 4.199951000000000434e+00 -5.456967999999999977e-12 6.853266999999999598e+02
4.000000000000000000e+00 5.216107000000000049e+00 -6.730260999999999730e-11 7.556441999999999553e+02
4.500000000000000000e+00 6.381124999999999936e+00 1.818988999999999935e-12 8.288759999999999764e+02
5.000000000000000000e+00 6.985192999999999763e+00 8.185451999999999562e-12 8.886793000000000120e+02
