0.000000000000000000e+00 8.430343999999999897e-31 4.743782000000000373e-15 6.624265000000000602e-14
5.000000000000000000e-01 8.019824000000000397e-02 1.684415999999999996e-15 9.981597999999999615e+01
1.000000000000000000e+00 3.210881999999999903e-01 -1.253857999999999952e-14 1.996031999999999869e+02
1.500000000000000000e+00 7.231412999999999869e-01 2.100749999999999909e-14 2.993475000000000250e+02
2.000000000000000000e+00 1.286880000000000024e+00 1.493944000000000043e-14 3.990339000000000169e+02
2.500000000000000000e+00 2.012891999999999904e+00 3.234912000000000292e-14 4.986460999999999899e+02
3.000000000000000000e+00 2.901850000000000041e+00 3.205768999999999811e-15 5.981658999999999651e+02
3.500000000000000000e+00 3.954533000000000076e+00 1.440513999999999962e-14 6.975730999999999540e+02
4.000000000000000000e+00 5.171858000000000288e+00 4.093946999999999942e-15 7.968452999999999520e+02
4.500000000000000000e+00 6.554895000000000138e+00 2.248202000000000160e-15 8.959564000000000306e+02
5.000000000000000000e+00 8.104905999999999722e+00 3.244626999999999938e-14 9.948768000000000029e+02
