5.000000000000000000e+00 3.202578999999999843e-01 -3.536753999999999962e-14 1.003461000000000070e+02
6.000000000000000000e+00 4.611714000000000091e-01 -5.203649999999999744e-14 1.444984000000000037e+02
7.000000000000000000e+00 6.277055000000000273e-01 -6.932996000000000057e-14 1.966783000000000072e+02
8.000000000000000000e+00 8.198602999999999863e-01 -9.013969999999999859e-14 2.568860000000000241e+02
9.000000000000000000e+00 1.037636000000000003e+00 -1.100231000000000045e-13 3.251213000000000193e+02
1.000000000000000000e+01 1.281031999999999949e+00 -1.414701999999999913e-13 4.013844000000000278e+02
1.100000000000000000e+01 1.550048000000000092e+00 -1.724523000000000022e-13 4.856750999999999863e+02
1.200000000000000000e+01 1.844686000000000048e+00 -2.081459999999999897e-13 5.779935000000000400e+02
1.300000000000000000e+01 2.164944000000000202e+00 -2.356100999999999999e-13 6.783396000000000186e+02
1.400000000000000000e+01 2.510822000000000109e+00 -2.773198000000000095e-13 7.867133999999999787e+02
1.500000000000000000e+01 2.882321000000000133e+00 -3.088778999999999919e-13 9.031147999999999456e+02
