5.000000000000000000e+00 1.286539000000000099e+00 -3.291116999999999950e-14 2.003546000000000049e+02
6.000000000000000000e+00 1.852616000000000041e+00 -4.294481000000000293e-14 2.885106000000000108e+02
7.000000000000000000e+00 2.521615999999999858e+00 -6.587785999999999956e-14 3.926949000000000183e+02
8.000000000000000000e+00 3.293538999999999994e+00 -8.879009000000000229e-14 5.129076999999999771e+02
9.000000000000000000e+00 4.168385999999999925e+00 -9.742206999999999627e-14 6.491488000000000511e+02
1.000000000000000000e+01 5.146155000000000257e+00 -1.316446999999999944e-13 8.014181999999999562e+02
1.100000000000000000e+01 6.226848000000000383e+00 -1.466050000000000099e-13 9.697160999999999831e+02
1.200000000000000000e+01 7.410463000000000022e+00 -1.717793000000000009e-13 1.154041999999999916e+03
1.300000000000000000e+01 8.697001999999999455e+00 -1.785515999999999962e-13 1.354396999999999935e+03
1.400000000000000000e+01 1.008646000000000065e+01 -2.635114000000000054e-13 1.570779999999999973e+03
1.500000000000000000e+01 1.157884999999999920e+01 -2.995382000000000252e-13 1.803191000000000031e+03
